13
366
12  10 12

36 26 22 60 3 15 17 9 46 31 5 59 

1939 1921 1995 1941 1931 1591 899 687 781 895 
3802 3844 688 780 3804 898 1930 1994 3810 1690 1590 784 

345 360 373 389 392 409 433 440 447 454 486 525 
382 397 410 426 429 446 470 477 484 491 523 560 
415 431 445 462 466 484 509 517 525 533 566 600 
580 596 610 627 631 649 674 682 690 698 732 768 
660 675 688 704 707 724 748 755 762 769 801 840 
690 707 722 740 744 763 790 798 806 814 850 890 
855 871 885 902 906 924 949 957 965 973 1006 1038 
925 938 949 963 966 980 1000 1006 1012 1018 1045 1075 
1085 1099 1111 1126 1129 1145 1167 1174 1181 1188 1217 1250 
1250 1263 1274 1288 1291 1305 1325 1331 1337 1343 1370 1400 

464 446 432 415 411 393 368 360 352 344 311 280 
568 548 536 521 518 502 479 472 465 458 428 400 
640 620 608 593 590 574 551 544 537 530 500 472 
715 694 680 663 659 641 616 608 600 592 559 528 
852 829 813 794 790 770 742 733 724 715 678 643 
938 916 902 885 881 863 837 829 821 813 779 747 
1040 1017 1003 986 982 964 938 930 922 914 880 848 
1095 1071 1058 1042 1039 1022 998 991 984 977 945 915 
1205 1183 1169 1152 1148 1130 1104 1096 1088 1080 1046 1014 
1285 1261 1246 1228 1224 1205 1178 1170 1162 1154 1118 1084 
1335 1313 1298 1279 1275 1255 1227 1218 1209 1200 1163 1128 
1438 1421 1407 1390 1386 1368 1343 1335 1327 1319 1286 1255 

367
7  9 9

69 10 13 28 4 8 1 

8705 3823 3843 3817 791 8723 8725 8631 843 
3822 3890 3824 3848 8706 790 3816 8720 8726 

368 376 410 432 443 454 460 
466 473 506 527 538 549 555 
602 610 646 669 681 693 700 
730 741 788 819 835 851 858 
787 800 855 891 909 927 935 
957 966 1006 1032 1045 1058 1065 
1030 1038 1075 1099 1111 1123 1130 
1197 1207 1249 1276 1290 1304 1310 
14 20 48 66 75 84 90 

352 340 303 279 266 253 250 
392 381 348 326 315 304 301 
480 470 435 412 400 388 385 
710 700 665 642 630 618 615 
890 877 835 807 793 779 775 
980 965 915 882 865 848 843 
1122 1107 1059 1028 1012 996 992 
1140 1129 1096 1075 1064 1053 1050 
1258 1246 1204 1177 1163 1149 1145 

368
12  12 15

36 54 61 42 58 56 14 64 30 21 62 44 

1867 1925 3853 1921 785 1941 1931 1999 899 687 1693 781 
3840 12812 686 782 1874 3850 896 1940 3852 772 1998 9788 12852 1924 1686 

50 68 95 105 117 147 163 179 208 223 225 265 
273 291 317 326 337 366 382 398 426 440 442 480 
330 348 374 384 395 425 441 457 485 499 501 540 
378 395 420 429 440 469 484 499 526 540 542 580 
447 465 491 501 513 543 559 575 603 617 619 660 
575 592 617 626 637 665 680 695 722 735 737 775 
660 677 701 710 721 749 764 779 805 818 820 855 
735 755 785 796 809 843 861 879 911 927 930 975 
855 875 904 915 928 961 979 997 1028 1044 1047 1085 
920 936 960 969 979 1006 1020 1034 1059 1072 1074 1110 
997 1014 1039 1048 1059 1088 1103 1118 1145 1159 1161 1200 
1090 1107 1132 1141 1152 1180 1195 1210 1237 1250 1252 1290 

485 458 426 414 400 363 343 323 289 272 269 228 
610 577 537 522 504 458 433 408 365 343 339 287 
625 605 583 575 566 541 528 515 492 480 478 450 
700 678 654 645 635 608 594 580 555 542 540 510 
874 849 820 809 796 763 745 727 696 680 677 640 
920 899 870 859 846 813 795 777 746 730 727 690 
940 915 888 878 866 836 820 804 776 762 760 726 
1002 981 957 948 938 911 896 881 856 843 841 810 
1095 1069 1037 1025 1011 975 955 935 901 884 881 840 
1170 1146 1119 1109 1097 1067 1051 1035 1006 991 989 955 
1198 1173 1146 1136 1124 1093 1076 1059 1030 1015 1013 978 
1250 1231 1210 1202 1193 1169 1156 1143 1120 1109 1107 1080 
1390 1360 1325 1312 1297 1258 1237 1216 1179 1160 1157 1113 
1360 1336 1309 1299 1287 1257 1241 1225 1196 1181 1179 1145 
42 14 1426 1416 1404 1372 1355 1338 1308 1293 1291 1255 

369
7  8 9

1 4 12 53 21 57 44 

8848 3902 8842 3908 3910 8850 3914 3916 
8840 3900 3922 3924 8844 3928 3930 3932 3936 

290 304 324 366 399 426 447 
402 413 429 463 490 512 530 
490 502 518 553 581 603 620 
690 701 717 751 777 798 815 
805 816 832 866 892 913 930 
860 874 893 934 966 991 1010 
1075 1086 1101 1133 1158 1178 1195 
1210 1221 1237 1271 1298 1320 1338 

452 436 418 379 348 324 308 
484 470 455 423 398 378 365 
685 670 654 619 591 569 555 
790 776 759 723 695 673 658 
1004 988 970 931 900 876 860 
1105 1091 1073 1035 1005 981 965 
1180 1164 1146 1107 1076 1051 1035 
1256 1242 1227 1194 1168 1148 1135 
1405 1389 1371 1332 1301 1276 1260 

370
8  9 8

44 40 29 45 7 2 65 63 

3847 8657 3857 3881 3845 12779 3865 3867 8681 
12840 3872 3856 8682 3862 3864 3886 8686 

320 327 339 380 391 410 435 468 
412 419 431 472 483 502 527 560 
540 546 557 594 604 622 645 675 
615 620 630 664 673 689 710 740 
780 785 794 824 832 846 865 890 
885 891 903 943 954 973 998 1032 
955 961 973 1011 1022 1040 1064 1095 
1035 1041 1052 1088 1098 1115 1137 1165 
1210 1216 1227 1263 1273 1290 1312 1340 

458 447 433 387 374 352 323 290 
480 471 461 427 418 402 381 357 
610 601 590 554 544 527 505 480 
812 803 790 748 736 716 690 660 
910 900 888 850 839 821 797 770 
990 980 968 928 917 898 873 845 
1150 1142 1132 1101 1092 1077 1057 1035 
1356 1346 1335 1299 1289 1272 1250 1225 

371
4  9 11

44 66 40 25 

8739 8745 8751 8763 8775 8785 12857 12871 12879 
8740 8748 8762 8774 8778 8784 12858 12868 12874 12884 12880 

385 391 397 407 
435 440 445 454 
485 490 495 504 
565 570 575 584 
697 702 707 716 
790 795 800 809 
928 933 938 947 
1072 1077 1082 1091 
1155 1160 1165 1174 

433 426 421 414 
506 500 494 486 
600 594 588 580 
730 724 718 710 
772 764 758 750 
823 816 811 804 
950 944 938 930 
1068 1060 1054 1046 
1126 1120 1114 1106 
1176 1169 1164 1157 
1232 1226 1220 1212 

372
6  10 8

2 23 16 34 33 63 

8667 8661 8665 12783 3859 3863 8673 8675 8679 3871 
8662 8668 8710 3860 8672 12784 3868 8676 

480 495 520 542 562 595 
517 534 562 587 609 645 
705 727 764 796 825 872 
780 801 836 867 895 940 
855 871 897 920 941 975 
919 937 966 992 1015 1052 
1002 1019 1047 1071 1093 1128 
1133 1148 1173 1195 1215 1248 
1305 1320 1344 1365 1384 1415 
1418 1433 17 38 57 88 

514 492 459 430 404 365 
600 580 552 528 506 473 
696 679 653 630 609 578 
802 783 756 733 712 680 
886 867 839 814 791 757 
940 920 889 862 837 800 
1110 1091 1065 1042 1021 990 
1260 1242 1217 1195 1175 1145 

375
13  4 4

13 11 32 24 0 19 50 38 48 55 41 6 59 

8707 8715 3899 3873 
8700 8704 8712 8724 

404 421 454 492 513 548 569 591 624 639 655 662 695 
714 736 777 825 851 895 921 948 989 1008 1028 1037 1078 
975 992 1024 1061 1081 1115 1135 1156 1188 1203 1219 1226 1260 
1139 1155 1186 1222 1241 1274 1293 1313 1344 1358 1373 1380 1412 

636 609 572 528 505 465 442 417 380 363 345 337 305 
822 793 749 698 670 623 595 566 522 502 480 470 432 
891 869 836 798 777 742 721 699 666 651 635 628 600 
1201 1175 1136 1090 1066 1024 1000 974 935 917 898 889 855 

378
3  2 2

16 35 52 

71 77 
72 78 

465 508 580 
1070 1113 1185 

700 656 585 
1155 1122 1070 

379
2  3 4

3 51 

8611 8613 8617 
8600 8602 8764 8608 

432 490 
716 775 
969 1025 

434 382 
548 498 
830 785 
1081 1030 

381
2  2 2

43 41 

55 56 
58 59 

348 380 
760 800 

1130 1096 
1243 1201 

382
6  7 6

31 37 27 68 49 24 

8577 8583 8589 8591 8599 8605 8607 
8574 8578 3806 8584 8592 3812 

363 403 428 462 479 502 
547 584 607 638 653 675 
751 791 816 850 867 890 
898 934 957 988 1003 1024 
1086 1123 1147 1179 1195 1216 
1217 1251 1273 1302 1316 1336 
1360 1394 1416 5 19 39 

421 378 353 319 302 282 
504 466 443 413 398 380 
716 678 656 627 613 595 
924 882 857 823 806 786 
1167 1128 1105 1074 1059 1040 
1269 1226 1200 1166 1149 1128 

400
8  5 5

9 47 39 18 20 69 67 53 

735 3841 737 3837 3839 
8634 8636 738 3834 3838 

358 372 389 416 436 461 486 521 
605 620 638 667 688 714 740 776 
865 879 895 921 940 964 988 1020 
1021 1034 1049 1073 1091 1113 1135 1164 
1160 1174 1191 1218 1238 1263 1288 1320 

541 525 507 479 458 432 406 375 
951 932 914 885 864 838 812 780 
1020 1005 990 966 948 926 904 878 
1145 1127 1108 1078 1056 1028 1000 967 
1370 1353 1336 1310 1291 1267 1243 1214 

